0000110000001100
0000000110111100
1101100011111001
1111101001001001
0000000000101111
1111101001001001
1101100011111001
0000000110111100
0001100000011000
1011110000000001
1111100111011000
0100100111111010
0010111100000000
0100100111111010
1111100111011000
1011110000000001
0001100000011000
0000000110111100
1101100011111001
1111101001001001
0000000000101111
1111101001001001
1101100011111001
0000000110111100
0001100000011000
1011110000000001
1111100111011000
0100100111111010
0010111100000000
0100100111111010
1111100111011000
1011110000000001
0001100000011000
0000000110111100
1101100011111001
1111101001001001
0000000000101111
1111101001001001
1101100011111001
0000000110111100
0001100000011000
1011110000000001
1111100111011000
0100100111111010
0010111100000000
0100100111111010
1111100111011000
1011110000000001
0001100000011000
0000000110111100
1101100011111001
1111101001001001
0000000000101111
1111101001001001
1101100011111001
0000000110111100
0001100000011000
1011110000000001
1111100111011000
0100100111111010
0010111100000000
0100100111111010
1111100111011000
1011110000000001
0001100000011000
0000000110111100
1101100011111001
1111101001001001
0000000000101111
1111101001001001
1101100011111001
0000000110111100
0001100000011000
1011110000000001
1111100111011000
0100100111111010
0010111100000000
0100100111111010
1111100111011000
1011110000000001
0001100000011000
0000000110111100
1101100011111001
1111101001001001
0000000000101111
1111101001001001
1101100011111001
0000000110111100
0001100000011000
1011110000000001
1111100111011000
0100100111111010
0010111100000000
0100100111111010
1111100111011000
1011110000000001
0001100000011000
0000000110111100
1101100011111001
1111101001001001
0000000000101111
1111101001001001
1101100011111001
0000000110111100
0001100000011000
1011110000000001
1111100111011000
0100100111111010
0010111100000000
0100100111111010
1111100111011000
1011110000000001
0001100000011000
0000000110111100
1101100011111001
1111101001001001
0000000000101111
1111101001001001
1101100011111001
0000000110111100
0001100000011000
1011110000000001
1111100111011000
0100100111111010
0010111100000000
0100100111111010
1111100111011000
1011110000000001
0001100000011000
0000000110111100
1101100011111001
1111101001001001
0000000000101111
1111101001001001
1101100011111001
0000000110111100
0001100000011000
1011110000000001
1111100111011000
0100100111111010
0010111100000000
0100100111111010
1111100111011000
1011110000000001
0001100000011000
0000000110111100
1101100011111001
1111101001001001
0000000000101111
1111101001001001
1101100011111001
0000000110111100
0001100000011000
1011110000000001
1111100111011000
0100100111111010
0010111100000000
0100100111111010
1111100111011000
1011110000000001
0000110011100100
1100111000000110
1100101000101111
1100010111010001
1110010011111111
0010011000100110
0000101010111111
0000100011000010
0100110111101110
0000101111100011
1101011011100001
1111100100100100
1101000100101010
1101111110111101
1110110011100011
1100111000010011
0010000000100000
0000001000111101
1010111011110100
0000100000011110
0001111000001101
0001100010111010
0011101100000001
1111111000011011
0000110100110010
0011011011101100
0001110011000101
0010110100011111
1111001000001011
1101011000110010
0011100100010100
0011111011111101
0000000001010000
1100001011111101
1100011100010100
0010101000110010
0000111000001011
1101001100011111
1110010011000101
1100101011101100
1111001100110010
0000001000011011
1100010100000001
1110100010111010
1110001000001101
1111100000011110
0101001011110100
1111111000111101
1110000000100000
0011001000010011
0001010011100011
0010000110111101
0010111100101010
0000011100100100
0010101011100001
1111010111100011
1011001111101110
1111100011000010
1111011010111111
1101101000100110
0001110011111111
0011101111010001
0011011000101111
0011001000000110
0000000010110000
1100111000000110
1100101000101111
1100010111010001
1110010011111111
0010011000100110
0000101010111111
0000100011000010
0100110111101110
0000101111100011
1101011011100001
1111100100100100
1101000100101010
1101111110111101
1110110011100011
1100111000010011
0010000000100000
0000001000111101
1010111011110100
0000100000011110
0001111000001101
0001100010111010
0011101100000001
1111111000011011
0000110100110010
0011011011101100
0001110011000101
0010110100011111
1111001000001011
1101011000110010
0011100100010100
0011111011111101
0000000001010000
1100001011111101
1100011100010100
0010101000110010
0000111000001011
1101001100011111
1110010011000101
1100101011101100
1111001100110010
0000001000011011
1100010100000001
1110100010111010
1110001000001101
1111100000011110
0101001011110100
1111111000111101
1110000000100000
0011001000010011
0001010011100011
0010000110111101
0010111100101010
0000011100100100
0010101011100001
1111010111100011
1011001111101110
1111100011000010
1111011010111111
1101101000100110
0001110011111111
0011101111010001
0011011000101111
0011001000000110
0000000010110000
1100111000000110
1100101000101111
1100010111010001
1110010011111111
0010011000100110
0000101010111111
0000100011000010
0100110111101110
0000101111100011
1101011011100001
1111100100100100
1101000100101010
1101111110111101
1110110011100011
1100111000010011
0010000000100000
0000001000111101
1010111011110100
0000100000011110
0001111000001101
0001100010111010
0011101100000001
1111111000011011
0000110100110010
0011011011101100
0001110011000101
0010110100011111
1111001000001011
1101011000110010
0011100100010100
0011111011111101
1111110000001100
1111111000000110
1110000011100010
1111000111010100
0001001011111101
1111101100001001
0000010011111010
0000111100010100
0001101000100110
0010100011100100
1111110111101011
1111100000001011
0000111011110010
0000011000101000
1111101100010110
1110011011111010
0000000000101000
0001100011111011
0000001100010110
1111100000101000
1111000111110010
0000011000001011
0000001011101100
1101011111100101
1110010100100110
1111000000010101
1111101111111010
0000010000001010
1110110111111101
0000111011010100
0010000011100010
0000000100000110
0000100000011000
0000010000011110
1111010011111100
1111001111111010
0000001111111101
1111100111111011
1101110000001111
0001011011110110
0010010111111001
1110101100000011
0001000000000000
0010011000001100
0000100011110010
0000011111101010
0000011011010011
0000101011101011
0000000000101000
1111010111101011
1111100111010011
1111100011101010
1111011111110010
1101100100001100
1110111000000000
0001010000000010
1101101011111001
1110100111110110
0010001100001111
0000011011111011
1111110011111101
0000110011111010
0000101111111100
1111101100011110
1111100000011000
1111111000000110
1110000011100010
1111000111010100
0001001011111101
1111101100001001
0000010011111010
0000111100010100
0001101000100110
0010100011100100
1111110111101011
1111100000001011
0000111011110010
0000011000101000
1111101100010110
1110011011111010
0001011100000011
1111100111110011
1111010100000000
0010100100010001
0000111000010110
0000011100001111
1111111111111110
1111011111110000
0000010111111111
0000110000001110
0000111000000111
1110110100011100
0000110111111001
0001000111011011
1110011000000011
1111111011101111
1110010000001010
1111101100100100
0010001011100000
1110011011111100
1110100000001110
0000000111011110
0000011011111000
1110010000010010
1101011000000010
0000001011111001
1110110100000100
1111011100010000
1111001011111001
1110000111100101
0000101011111101
1110001000000000
1111101011101001
0010010000000000
0000000000010101
0001100000011011
1111001100011010
1100110011110101
1111100111110000
0001110111111011
0001111000001010
1110101100011010
1111000100010010
0001011100011001
1111110011111000
1110111111111101
1111001100100011
1110101111101001
1111001111100110
0001001100000011
0001010000000001
0000011000011010
0010000011111101
0001110111110010
0000101111111010
0001000111110010
0001101011111101
0001000011100110
1111011111101001
1110111111011111
1110010111010111
1111000100011111
1111101100100000
0000101111110011
0010111011110011
1111100111110011
1111010100000000
0010100100010001
0000111000010110
0000011100001111
1111111111111110
1111011111110000
0000010111111111
0000110000001110
0000111000000111
1110110100011100
0000110111111001
0001000111011011
1110011000000011
1111111011101111
1111000100000111
1110101011111100
1111001111100000
1111111111011001
0000111011101101
1111111100001000
1111110100010110
1111001111111110
0000100100000101
0010100100000100
0000000111011010
0000100111010111
0000001111011100
1110011011111001
1111011100011110
1111001100010001
0000111000001010
0000100011110000
1111010111101100
0000001100001001
1110000111101100
0001000111100110
0010001111111001
1101001111101101
1110100111111011
1111100111111101
1110011011101011
1111001000001010
1110110100011111
0000010100000011
0001101111110101
1111001100010101
1111000000011001
0011001111110000
0010100011111001
1110000000010000
1111010111111000
0001111000000000
0000110100010100
1111110100001111
0000101011111110
0000011000000010
1110101000101101
1110101000010001
1111111011110111
0000110100011011
1111010011111011
1110011000000010
0000010100011001
0000101011101100
0001100100001011
0000111100010101
1110011111111001
1111111100000011
0010010011111001
0010111100001100
1111011100001001
1101001111101110
0000000111111010
1111011011101011
0000011011101101
0010000000001010
1111010100001101
1111001000001101
1111000100001010
1110101011111100
1111001111100000
1111111111011001
0000111011101101
1111111100001000
1111110100010110
1111001111111110
0000100100000101
0010100100000100
0000000111011010
0000100111010111
0000001111011100
1110011011111001
1111011100011110
1111001100010001
1111010111111101
1111111111110101
0010000100000100
0000101000010000
0000001011110111
1101110000000000
1101110000011110
0000000000001101
0000111000010000
0010000000000011
1111011111100001
1110011011100100
0000001111010110
0000110011101111
0000011100011111
1110011100011001
1111000000000111
0000101111110000
0001100011111010
0001011100000010
1111010111111110
1111101100001011
1111000111100011
1101111111101111
0000110100010100
0000001011110000
1101111011110110
0000001111111111
1110110111111110
1011010100001100
1110010011101101
0000001011100110
0000110011110101
0010011111111001
1111010100001000
1111100000001001
0001101000001011
1111101100010100
0000100011111001
0000011011101000
0000101000100010
0001100100101001
0000110011111011
0000100000010011
1101101100001101
1111001011110110
0001011100010010
1111001000001010
0000101011111000
0001010011111000
0000011000000100
1111001000001110
1110110100010010
0010011100100111
0001101100001110
1111111111110001
1110110000001001
1111101000000000
0011011111100010
1111010011100011
1110001011110100
0010000011110110
0000101011101000
1111100111101100
1110010011110101
1111111111110101
0010000100000100
0000101000010000
0000001011110111
1101110000000000
1101110000011110
0000000000001101
0000111000010000
0010000000000011
1111011111100001
1110011011100100
0000001111010110
0000110011101111
0000011100011111
1110011100011001
1111010000010011
0010110100000011
1110110000011001
1110101000100000
0000110111111100
0000100111111010
0000010000001001
1110101000001100
0000100100001000
0001100000010111
1110001100001111
1101100100001110
1110111000001010
0000010111101100
0000111000000000
1111011100000101
1110111000000110
0000010111111011
0001001111011001
0000000100000000
1111010000000000
1111110111101100
0001001000000111
0001001000010101
0000011100001110
0000110011011100
1111011111100010
1110011011111101
0000001111110010
0001010100010011
0000001000100111
1111000000010110
0000000011100001
0000010011001001
1111101011010111
0000100111011011
1111110000001011
1111110100000110
0010000011111000
0000010100001010
1111011011110111
0000101100011010
1110000000010000
1110000111111000
0001000000001001
1110101111110010
1110101000001001
0001011111110011
1111100011011111
1101111000011000
1111111000001100
0010000011110000
0000000011100010
1110011111101110
0001100011101110
0000111011110001
0000110000101110
0001101111111101
1110011011010100
0000001100000100
0001000100001101
1111110000011011
0001101011111110
1110000100000010
1111000000100011
0010110100000011
1110110000011001
1110101000100000
0000110111111100
0000100111111010
0000010000001001
1110101000001100
0000100100001000
0001100000010111
1110001100001111
1101100100001110
1110111000001010
0000010111101100
0000111000000000
1111011100000101
1110010111111100
1110110100011001
0001010100001011
0000101111111010
0000011111111001
0000010100010010
1110100111101110
1111101011100111
0001000000011011
1111001111111000
0001000100001010
0000011100011001
1100011011111100
1110010100011011
1111100100000010
1111001111110001
0001001111111100
1111111011111110
1110001111111010
0000110011101100
0001100000101011
1111000000101001
1111001111101101
0000001011110110
1111111011110010
1111011011110100
1101010011101101
1111000100010010
0010101000101010
0000111011011111
1110110000000000
1111111000100000
0000110111110000
1111111111100111
1111100111010000
1110111111101100
1110100100010101
1111100000001100
1111110100010001
0000000000010010
1110111100010001
1111101100000101
0001011011111001
1111100011111010
0001111111111110
0010011000000000
1111100011101011
0010111011100011
0001111011110011
1111111100001001
0001011100000110
0000100100001101
0001111100101010
0000100011111110
1111011111110000
0000001000000011
1101100011100000
1111110011100110
0000110100000111
1111010000010101
0000001011101110
1111011011011010
0001000100001011
0000111111111000
1101010011110101
1110110100011001
0001010100001011
0000101111111010
0000011111111001
0000010100010010
1110100111101110
1111101011100111
0001000000011011
1111001111111000
0001000100001010
0000011100011001
1100011011111100
1110010100011011
1111100100000010
1111001111110001
